-1.04699445e+00  3.24280977e-01 -4.42063948e-03 -6.49125278e-01  2.22567618e-01  4.19556409e-01 -3.11996788e-01 -7.69729078e-01 -1.60476360e-02  5.38814425e-01  4.90740314e-02 -5.04122525e-02
  2.27869719e-01  1.15872927e-01  1.86594166e-02 -2.57605851e-01 -8.77756253e-02 -3.52461375e-02 -8.34503248e-02 -3.06225121e-01 -9.10401106e-01  1.53187454e-01 -1.01077008e+00 -4.42639083e-01
 -1.07169807e-01  6.77458346e-01 -4.94744703e-02  4.36530530e-01  1.28523678e-01  2.74206042e-01 -4.84417647e-01  1.35334089e-01  1.47320583e-01 -5.09063065e-01  3.84772480e-01 -8.86098683e-01
  4.84539747e-01 -7.19968259e-01  2.36798629e-01  3.05188775e-01 -1.36693537e-01 -3.71196568e-01 -4.48439270e-01  2.92388976e-01 -4.17488396e-01 -3.76610130e-01 -3.03182095e-01  4.36910838e-01
  7.70543441e-02  5.07071078e-01 -1.03861058e+00 -2.43481249e-01 -4.73150194e-01 -8.37213993e-01  3.29081476e-01 -7.86400735e-01 -3.73498201e-01  6.50080442e-01  1.13522321e-01  5.09591699e-01
  3.94616723e-01 -4.07512873e-01  2.68363625e-01  4.26850498e-01 -7.20227897e-01  4.20485914e-01  3.49024624e-01 -7.48161912e-01 -1.35161743e-01 -7.61984169e-01 -8.27237189e-01  1.86231464e-01
  5.02498865e-01 -5.62360406e-01  2.66581744e-01 -3.54086995e-01 -8.78618896e-01  4.57652777e-01 -5.23061752e-01 -3.21071073e-02 -1.73896044e-01  1.73049703e-01  6.92786396e-01 -4.41437811e-01
 -7.36735761e-01 -2.55348176e-01  7.21896067e-02 -2.70037234e-01  5.30716121e-01 -1.02794230e+00 -5.36534846e-01  5.48497625e-02 -6.50342643e-01 -5.25433183e-01  2.17278838e-01  7.68860951e-02
 -4.82820943e-02  3.72638375e-01  2.75037020e-01  5.25974035e-02  1.81340322e-01 -5.49036860e-01 -4.47369397e-01  7.59169459e-02  2.02986538e-01 -8.62105563e-02 -6.07693195e-01  2.38589734e-01
  3.59678119e-01 -2.25734692e-02  2.91166753e-01 -8.19361687e-01  3.29488903e-01 -6.08624518e-01  1.51266247e-01  3.39405715e-01  2.25621134e-01 -8.26759636e-01  2.34970674e-01  2.16579288e-01
  7.62585461e-01  3.11361879e-01  9.54190940e-02 -8.42973173e-01 -7.67337263e-01 -4.88580376e-01 -1.33181274e-01 -3.95942628e-01  5.75784087e-01 -5.70758879e-01  1.20977409e-01 -7.84643814e-02
  3.01058888e-01  6.56266510e-02 -7.04313040e-01  5.66573918e-01 -7.40123034e-01 -1.31322235e-01 -1.01928703e-01  4.06163841e-01  2.24416196e-01  1.54422328e-01 -4.69899982e-01  3.89710635e-01
  2.12295070e-01  1.09204007e-02 -4.78198051e-01  2.53789961e-01 -1.30075410e-01 -1.55635476e-02  2.96373636e-01  1.50990427e-01  1.02588117e-01 -2.24415466e-01  1.92467541e-01  7.13241994e-02
 -5.17876782e-02 -5.64332120e-02  2.20349897e-03 -1.42964333e-01 -9.20407251e-02 -5.81327796e-01 -4.72135395e-01  1.85513481e-01  1.78422093e-01 -5.16529977e-01  4.72188115e-01 -3.60575736e-01
  5.92336833e-01  1.71318248e-01 -2.85195619e-01  2.39490941e-01 -8.25678110e-02  5.07589102e-01 -1.54347241e-01  4.33277577e-01 -4.27575320e-01 -6.44936085e-01 -7.70308912e-01  3.72950107e-01
 -1.58996701e-01  5.57692647e-01 -3.92051399e-01 -1.08717394e+00  4.43443120e-01 -6.89622283e-01 -4.56938803e-01  7.24490523e-01 -6.29510581e-01  1.31740287e-01  2.36250475e-01 -4.28112745e-01
  3.00157607e-01  2.97130346e-01 -6.61950037e-02 -1.02350846e-01  1.98950425e-01 -5.39800286e-01  7.10386485e-02  1.22312672e-01 -3.21563445e-02 -2.05096826e-01  2.19163805e-01  2.16296539e-01
 -7.17321038e-02 -1.87196419e-01 -4.75472063e-02  2.09653884e-01 -2.84704100e-02 -1.69699073e-01 -1.10584028e-01  3.19869488e-01 -1.66973621e-01 -4.56278622e-01  1.95352405e-01  4.25152779e-02
  5.24220504e-02 -2.17462435e-01 -4.77564961e-01  3.05530190e-01 -3.75285000e-02  1.51039675e-01  2.15316683e-01  3.53105873e-01  2.38158599e-01  1.66552633e-01 -4.60817188e-01  3.43108833e-01
  1.63838431e-01 -8.55555058e-01 -1.77486196e-01 -3.69446725e-02 -3.72606456e-01 -1.55852795e-01  7.16416091e-02  1.94015190e-01 -3.05873185e-01  2.09113792e-01  1.66927248e-01 -2.18405239e-02
  2.49841794e-01 -4.00490761e-01  3.73731047e-01  6.76274300e-01 -5.44488668e-01 -6.66815192e-02 -6.12653382e-02 -2.75522172e-01  6.38542399e-02 -1.95150524e-02  3.79954815e-01  2.04979479e-01
  3.54382783e-01 -4.64739710e-01 -5.64242244e-01 -1.73512280e-01 -4.09802228e-01  2.73018777e-01  5.37417471e-01 -7.84071386e-01 -8.42512131e-01  4.57940139e-02  2.39092171e-01  2.85868406e-01
  4.65321332e-01  5.46391428e-01 -8.30432415e-01 -2.59979129e-01 -2.81175077e-01 -6.69230297e-02  4.76120263e-01  1.87067270e-01 -4.22225177e-01  4.95542765e-01 -2.62948483e-01 -7.14785993e-01
 -1.24702439e-01 -5.18870354e-01 -2.31410921e-01  5.23919046e-01  3.74363124e-01 -3.23243618e-01 -2.61432499e-01 -2.99359411e-01  6.97308362e-01 -5.59659123e-01  4.12411094e-01 -3.81861329e-01
 -5.41064799e-01 -6.78364158e-01 -2.01127753e-01 -5.67805409e-01  4.30163771e-01  2.95015514e-01  9.46675241e-02  7.34528974e-02 -2.39172801e-01 -3.12438607e-01 -2.49081805e-01  3.26048136e-01
 -1.30285695e-01  5.58178306e-01 -5.66016078e-01  3.34557772e-01 -2.88876623e-01 -5.37295714e-02 -5.78788579e-01  3.33047211e-01 -7.25166082e-01 -1.90864682e-01  1.86401337e-01 -4.16177630e-01
  3.43599528e-01 -6.86106503e-01  4.40204237e-03  2.25528032e-01  2.49220520e-01 -8.39445647e-03 -8.38372409e-01  1.93175048e-01 -4.10206079e-01  1.37353286e-01  9.46107879e-03 -3.41725498e-01
  4.64727789e-01  1.23561263e-01  3.32597822e-01  5.60633421e-01 -9.50642049e-01 -1.12856412e-03  5.21319091e-01 -4.45092201e-01 -6.86221421e-01 -4.53355938e-01 -5.06298542e-01  5.33639073e-01
  3.68955791e-01 -1.76262632e-01 -5.89813352e-01  5.58432937e-01  4.63136919e-02  1.32360920e-01  3.55264038e-01 -3.86960000e-01  5.51155329e-01 -1.12303510e-01 -3.79970849e-01 -4.23992932e-01
 -5.54281414e-01 -1.24312028e-01 -7.13799670e-02  2.73551583e-01 -2.41075575e-01  2.31865212e-01 -4.72524941e-01  1.53791294e-01 -9.88087654e-01  1.66271076e-01  1.27666801e-01  8.69776309e-03
  3.58664840e-01  2.07112119e-01  4.80719954e-01 -6.90026999e-01  1.73319504e-01 -4.61125046e-01  8.87073949e-02 -8.36759388e-01  5.26947007e-02  3.58511448e-01 -3.29341263e-01  3.93200994e-01
 -2.11816635e-02 -8.81226361e-01 -9.44551229e-02 -4.89490867e-01  5.84930897e-01 -1.61089674e-01  3.15985829e-01 -2.96563864e-01  2.68257827e-01  1.23086929e-01  2.80537903e-02  2.00176105e-01
 -8.54794029e-03  1.00131994e-02 -2.03516528e-01 -3.17962974e-01 -1.02504209e-01  2.09410176e-01 -2.17434764e-01 -3.73445511e-01  5.66805780e-01 -5.59967235e-02  2.84950048e-01 -1.20803142e+00
 -9.71293569e-01  2.58788139e-01  3.86887074e-01  2.03739375e-01  1.42348468e-01 -6.42646700e-02 -2.13949710e-01 -1.97100610e-01 -1.71639840e-03 -4.69117649e-02  8.61292630e-02  2.24646822e-01
 -1.14206970e-01 -1.02939203e-01 -8.42499495e-01  2.09408641e-01  5.27599871e-01  4.14278805e-01  4.83188406e-02 -9.56721008e-01 -8.36001933e-01  7.08518028e-02  4.34692651e-01 -1.81419849e-01
  3.23709577e-01  3.58319342e-01 -7.96888053e-01  4.32440013e-01  5.07900827e-02  1.17159113e-01  1.27530456e-01 -5.69951892e-01 -4.69371341e-02 -3.15377504e-01 -5.74025929e-01  3.88303846e-01
 -3.08321238e-01 -3.74510169e-01 -1.58986583e-01 -2.07812011e-01  5.11523068e-01  5.43072045e-01 -4.74152327e-01 -5.22275686e-01  1.87426522e-01 -4.74877842e-02 -7.82083869e-02  1.46382779e-01
 -9.31519866e-01 -3.04094255e-02 -2.13139683e-01  4.09646928e-02  2.30915561e-01  3.28109592e-01 -5.89177161e-02 -3.21949273e-02  5.20778060e-01  4.14822578e-01 -2.62249578e-02 -4.28263366e-01
 -4.71712649e-01  2.75590390e-01 -8.46697867e-01  3.76629949e-01 -9.15967286e-01 -1.99653283e-01  7.28370309e-01  2.47377127e-01 -3.52849960e-01 -1.04112789e-01  5.32340407e-01  2.25353520e-02
 -1.54452413e-01 -4.09795433e-01 -4.93912995e-01  4.08376902e-01 -8.31107736e-01 -1.28790593e+00  3.43390763e-01  2.75178134e-01  4.29650158e-01 -8.85295749e-01  3.21112245e-01  2.01585755e-01
  8.56814161e-02  1.13703690e-01  2.70318568e-01  5.08560538e-02 -3.58789742e-01 -6.13238737e-02 -1.98517591e-01 -2.89989680e-01 -1.51352152e-01  6.08657487e-02 -8.17239583e-01 -5.42957067e-01
  5.39017737e-01  5.20606995e-01 -3.57151926e-01 -6.59790397e-01  4.36911672e-01  1.07603252e-01 -5.29327631e-01  2.03034297e-01  3.70187908e-01  5.58492005e-01  3.37676197e-01  1.41174465e-01
 -7.98502982e-01 -2.31127769e-01 -4.53369200e-01 -2.44800389e-01 -2.15632483e-01 -3.26439619e-01  5.20823359e-01 -5.62046885e-01  5.08510709e-01  3.08658451e-01  1.91300184e-01 -8.10281634e-01
 -9.18567657e-01  1.27238452e-01 -1.36864811e-01  2.68630892e-01  6.27183765e-02  1.01984710e-01  2.20904201e-02  2.33964995e-01 -1.04085691e-02 -3.33169967e-01  1.37405679e-01  4.72758085e-01
 -6.21533453e-01 -7.43335783e-01  2.89918274e-01 -4.64572549e-01 -3.52164060e-01 -5.28995454e-01  3.35023612e-01  1.66678280e-01 -4.00036931e-01 -2.45028973e-01  3.43207628e-01  1.18690498e-01
  3.65198135e-01 -6.91621006e-01  2.09002212e-01 -4.60925072e-01 -2.52966642e-01  1.90692335e-01 -3.86305749e-01  4.33237702e-01  1.81232303e-01  1.86311334e-01 -4.21469301e-01  3.39092880e-01
  4.39429045e-01  1.67998046e-01 -7.11246252e-01  2.08850533e-01 -6.23933733e-01  2.31973737e-01  4.94272172e-01 -7.34427691e-01  6.09475493e-01  5.96754074e-01  4.33224022e-01  3.75445396e-01
 -7.56024241e-01 -4.46022868e-01 -2.35316545e-01 -2.68735200e-01 -6.62765086e-01 -4.03221667e-01 -7.73318335e-02  5.21085709e-02 -3.00285548e-01  8.70218277e-02  2.00512722e-01 -1.30274832e-01
  1.70076653e-01  3.97767574e-02 -1.99428946e-01  3.63007449e-02 -1.19133756e-01  2.76630461e-01 -4.53876674e-01  4.68453914e-02  2.15068489e-01  3.50750893e-01  3.77306134e-01 -5.73045433e-01
  2.04728767e-01 -5.94771862e-01  2.62494653e-01 -1.22162089e-01 -3.33082944e-01 -4.88624394e-01  1.18669271e-01  4.44423944e-01 -2.45788172e-01 -5.88730127e-02 -6.37393475e-01  2.34108433e-01
  4.23846275e-01  5.76109290e-01  1.50996819e-01 -1.89200670e-01 -4.14897650e-01  8.92148018e-02 -8.97929966e-01 -8.24172571e-02 -6.74331129e-01  4.59935367e-01  1.60661176e-01  2.80687481e-01
 -7.80329406e-01  3.63546051e-02  3.86215180e-01 -7.02236474e-01 -1.51142836e-01  3.28166246e-01 -6.09814823e-01  4.72405583e-01 -1.41606316e-01 -1.81932971e-01 -1.57037303e-01 -2.21825987e-01
 -6.33146539e-02  2.52218723e-01 -2.33704541e-02  1.59711197e-01 -2.16481984e-01 -2.34254673e-01  8.77609327e-02  9.15503800e-02 -1.42315120e-01  2.72817258e-02 -8.35565701e-02  7.22061247e-02
 -4.60785367e-02  2.15506449e-01 -8.11504349e-02 -1.79743558e-01 -1.68375820e-01 -5.70435762e-01  4.86470342e-01 -5.32163024e-01  4.70769912e-01 -7.27052629e-01  3.38667661e-01  2.44708359e-01
 -2.09479794e-01  1.39708489e-01  3.82158101e-01 -4.27330554e-01  4.70756263e-01 -8.10202241e-01  2.82064199e-01 -7.08746552e-01  2.21987069e-01  2.92119294e-01 -6.53802931e-01 -1.29153803e-01
 -7.02810362e-02  3.57263118e-01 -7.38973856e-01  1.94899753e-01  5.37180156e-02 -2.94083357e-01 -4.28357750e-01 -2.53478158e-02  7.26503611e-01  3.62538248e-01 -6.87788904e-01  3.28506917e-01
 -4.22478735e-01  6.51106656e-01 -7.16593444e-01  4.49281663e-01  5.27403474e-01 -3.23650926e-01 -4.98880655e-01  3.18502545e-01 -6.09902702e-02  1.16865344e-01 -4.86606598e-01  1.97321065e-02
  3.33048224e-01 -3.48344207e-01 -5.45615494e-01  2.67704464e-02  4.14718419e-01  4.05112952e-01 -2.57827222e-01 -2.50340849e-01  1.89328343e-01 -3.96823883e-01  7.88918510e-02  1.57480404e-01
 -1.09028362e-01 -6.29787296e-02  1.77290812e-01  2.57207602e-01 -4.35708582e-01 -1.82315558e-01 -3.30135942e-01 -3.07701558e-01 -1.45791486e-01 -4.07473207e-01  3.62160563e-01  7.53138602e-01
 -2.83103198e-01 -4.60422814e-01 -6.84583962e-01 -6.42701089e-01 -4.95337814e-01  3.60853881e-01 -7.09641203e-02  4.67182338e-01  8.12034979e-02  3.87336344e-01  4.47755098e-01 -2.27837041e-01
 -4.54099625e-01 -4.01003748e-01 -1.21981692e+00  5.36134601e-01  4.39533293e-02  2.98680574e-01 -4.47374374e-01 -4.22270119e-01  1.18496515e-01  2.84756660e-01 -7.27514863e-01  4.30745393e-01
 -2.14108586e-01 -1.50856420e-01  3.44737805e-02  6.07753277e-01 -5.85549831e-01  4.34034646e-01  2.66875714e-01 -6.03302717e-01 -1.13114126e-01 -1.29831001e-01  3.01796377e-01  1.15896754e-01
 -4.26889539e-01  6.97107613e-02 -2.27866232e-01 -1.06281519e-01 -1.34024084e-01  1.60120651e-01  5.15055954e-01  2.96193153e-01  6.96898773e-02 -6.09271169e-01  2.88061738e-01  4.04600292e-01
  2.54307300e-01 -6.35686636e-01 -4.85027134e-01 -1.12626463e-01 -5.03753543e-01  2.02133790e-01 -4.74252790e-01  5.80546856e-01  3.61842841e-01 -2.17778638e-01  3.04424554e-01 -5.13375878e-01
 -5.22945188e-02 -4.99173284e-01 -8.67001951e-01  3.37196350e-01 -4.80631590e-01  4.45058942e-01  6.96094334e-02 -5.48753440e-01 -8.93739343e-01  2.64548987e-01 -3.55683148e-01  5.36972404e-01
  3.21907371e-01 -4.05672342e-02  2.34974682e-01 -1.94748551e-01  3.70758355e-01 -1.11936722e-02  5.98697737e-02 -9.20960844e-01  3.40852559e-01 -3.28296244e-01 -1.13024741e-01 -7.07791373e-02
 -7.65501410e-02 -2.27820128e-02 -7.07821622e-02  4.63065226e-03  1.39351442e-01  9.95244235e-02 -2.63663590e-01  9.06990394e-02  5.34655154e-01 -4.13193256e-01 -9.15959552e-02  4.42222565e-01
  1.14650235e-01  4.58896488e-01  9.27868262e-02 -4.71676588e-01 -5.27735054e-01 -3.80507946e-01  2.44562984e-01  1.48200870e-01  2.56204277e-01  2.99240407e-02 -3.04612517e-01  5.69727272e-02
 -1.20190807e-01 -3.80054772e-01 -3.18556093e-02 -2.62446254e-01  2.42245957e-01 -1.50387526e-01  1.10454880e-01 -1.76677153e-01 -6.34326279e-01  8.68679509e-02  3.79102558e-01  5.11640191e-01
 -5.14299750e-01  1.79665029e-01  2.79679984e-01  4.60075401e-02  5.16136400e-02 -2.31019519e-02 -1.28565878e-01 -2.54152250e-02 -8.32508430e-02 -1.85163349e-01 -9.98090655e-02  1.03576034e-01
  2.62211949e-01 -5.37150383e-01 -5.59884667e-01 -6.15167677e-01 -7.01035261e-01  2.87966013e-01  4.33162808e-01 -3.27541709e-01  5.13883173e-01  6.30214572e-01 -3.36939394e-01  1.02370687e-01
  3.84237260e-01 -5.95098853e-01  6.01424634e-01 -4.09021705e-01  3.66958767e-01 -2.65601277e-01  2.80813538e-02 -7.51937628e-01 -4.11571115e-01  2.61825651e-01  3.74760628e-01  5.85388005e-01
 -8.44480991e-01 -6.77334070e-01 -1.06383197e-01  1.73316255e-01  2.32993990e-01 -1.07596350e+00 -7.99706459e-01  2.48531461e-01 -5.30152440e-01 -7.67801762e-01  2.91468471e-01  4.21449274e-01
  2.34097451e-01  1.88292470e-02  3.05156022e-01  4.37873602e-01 -7.31550217e-01 -3.73273313e-01  4.91476238e-01 -2.34459221e-01  7.83208728e-01  2.90887356e-01  1.72510043e-01 -2.71199822e-01
 -4.65052068e-01 -8.93114626e-01  7.96362907e-02 -8.88584316e-01  4.05333072e-01  2.49393269e-01 -7.38720298e-01 -1.11653602e+00 -5.02787173e-01  3.53047192e-01  5.40068269e-01  3.11715007e-01
 -1.90628156e-01  7.48599887e-01 -6.11120284e-01  6.12112731e-02 -1.86733827e-01  7.52206445e-01 -6.63813233e-01 -4.75876331e-02 -4.26020145e-01 -4.11975354e-01 -1.05012059e+00 -2.45889220e-02
  7.95764849e-02  9.48232859e-02  4.94480371e-01  2.22354442e-01 -1.12232603e-01 -4.65667069e-01  2.78683245e-01 -6.95460498e-01  6.28990680e-02 -2.69118696e-01  2.41199926e-01  1.75008878e-01
 -1.38681173e-01 -2.11689666e-01 -5.03182411e-01  3.53438169e-01 -1.94548771e-01  3.08253378e-01  4.13849562e-01  4.89789754e-01 -2.21448913e-01 -4.15370554e-01 -6.17438376e-01 -1.00371853e-01
  6.09919012e-01  7.45936692e-01 -4.14963186e-01 -7.15590835e-01 -2.63951302e-01  6.42865673e-02 -2.11747438e-01  1.88713983e-01 -4.21744555e-01  3.21831584e-01  2.77024209e-01 -2.31856763e-01
  1.91393241e-01  1.98574930e-01 -1.08265720e-01  1.78754970e-01  2.03423575e-01  2.25163221e-01  1.53418958e-01 -1.88565582e-01 -1.26364440e-01 -3.49262863e-01  1.99177295e-01 -1.71286285e-01
 -5.72375238e-01  1.50386631e-01  3.58021632e-02  2.40667075e-01  3.27647328e-01 -9.08147693e-01 -9.92832184e-01 -1.81678325e-01  2.60554701e-01  4.03847128e-01  3.63038629e-01 -3.92947048e-01
  1.33902371e-01  8.13172013e-02  2.01386184e-01  3.34230185e-01 -8.16964388e-01  1.82462782e-01  1.48907140e-01  1.58828929e-01  3.28209281e-01 -8.19014668e-01 -2.69698948e-01  2.65280783e-01
  2.90630460e-01  1.42513327e-02  8.60630274e-02 -8.31350923e-01 -2.55783778e-02  4.01195109e-01  2.67449796e-01 -4.57284033e-01  4.05370705e-02 -1.35735601e-01  2.13247627e-01  1.40000626e-01
 -1.58591922e-02  3.00997615e-01  1.53740734e-01 -4.05223221e-01  6.47273511e-02 -5.92561245e-01 -6.80142522e-01 -1.52151510e-02 -4.36596930e-01  2.22967148e-01  4.08657402e-01 -5.52889168e-01
  4.40377295e-01  4.36287582e-01  4.68587577e-01  3.24494541e-01 -6.75804853e-01 -8.20346475e-01 -7.35210657e-01  2.40637451e-01  4.52293158e-01 -2.54924148e-02  2.24091783e-01 -2.17751935e-02
  3.01631153e-01  2.01050714e-01  5.54440081e-01 -5.85662961e-01 -2.81140238e-01 -6.91505000e-02  5.28627932e-01 -1.02648664e+00  2.57237613e-01 -6.36524379e-01 -1.22520529e-01 -3.68885100e-02
  8.84674340e-02 -7.94169530e-02 -2.79608041e-01  1.42516986e-01  2.03507513e-01  4.00061935e-01 -1.12328179e-01 -2.46963665e-01 -7.55055130e-01  3.13330680e-01  3.83623719e-01 -2.55160093e-01
 -5.94247818e-01 -6.30243778e-01 -2.51690060e-01 -1.91051990e-01  6.29019618e-01 -2.41535649e-01  4.33384031e-02 -2.67254531e-01  3.75493139e-01  9.43575874e-02  3.18869412e-01  1.33214697e-01
  2.87249625e-01 -5.90354502e-01 -2.89602607e-01  4.31097895e-01 -2.96693444e-01 -2.96607256e-01 -3.26169223e-01  5.32541394e-01  2.78605789e-01 -1.20305985e-01  2.98668325e-01  1.36187017e-01
 -5.51772177e-01  4.09643531e-01 -3.55700910e-01 -4.35609460e-01 -9.19074714e-01  8.06774974e-01 -4.42381173e-01  4.50075537e-01  5.31440258e-01 -4.54874843e-01 -6.92736208e-01 -1.93072692e-01
 -6.40382409e-01  5.18733403e-03 -3.26347291e-01 -4.85922754e-01 -2.08223477e-01 -3.64133269e-01  2.13746652e-01  3.77726495e-01 -2.11337805e-01  4.52249467e-01  2.58275926e-01 -3.84568840e-01
  4.79891390e-01 -6.52473509e-01  9.24540520e-01 -1.34326816e-01 -2.70780206e-01  9.56107397e-03 -8.27742398e-01 -9.20373857e-01  4.16694075e-01  6.03475988e-01 -2.74132341e-01 -9.57569420e-01
  3.51401865e-01 -3.21252614e-01  3.32877427e-01  5.15127838e-01 -8.29818845e-01 -3.81308526e-01  3.73856008e-01  4.53411698e-01 -5.30648828e-01 -6.59998059e-01  5.96457005e-01 -6.87484026e-01
  3.73842955e-01  1.55081898e-01 -2.61327680e-02 -6.30030096e-01 -5.96935987e-01  1.93695202e-01 -4.31656748e-01  3.73356551e-01 -2.23009482e-01  1.95369720e-01  2.44670525e-01 -4.11849082e-01
  1.73092172e-01  2.08335757e-01 -2.24347159e-01 -7.90390745e-02  5.06458223e-01 -9.17142406e-02 -5.51049829e-01  3.06766093e-01  6.10669672e-01 -6.08281314e-01 -7.87729859e-01 -4.25522357e-01
 -8.32039654e-01  5.38975716e-01 -4.68764246e-01 -6.84694529e-01  5.93276098e-02  6.95522308e-01 -8.53784144e-01  1.73751548e-01 -9.85712588e-01  5.13512552e-01  3.38285148e-01 -1.03726649e+00
 -5.65209746e-01  1.89425558e-01 -1.37456924e-01  2.03845024e-01 -2.67883778e-01 -3.85002434e-01  5.47325552e-01 -2.20044389e-01 -6.25168383e-01  7.52600208e-02 -7.40445554e-01 -4.00670022e-01
  2.00576231e-01  3.90331261e-02  5.81233263e-01 -2.55027920e-01  4.92609531e-01 -3.82060856e-01  6.66502476e-01  4.84295398e-01 -6.61527395e-01  4.83795494e-01 -7.17502177e-01  2.77946055e-01
  4.56331968e-01 -1.16321050e-01 -4.85050261e-01 -5.72423816e-01  7.91792795e-02 -1.03903306e+00 -9.38138813e-02  3.18418145e-02 -9.04775381e-01 -2.65135884e-01 -2.49205723e-01  2.02715144e-01
  4.25226092e-01  2.57650912e-01  6.36125386e-01 -3.88658494e-01  3.82314950e-01 -3.01729590e-01  1.30214944e-01 -8.08125615e-01  4.08706754e-01 -7.55811453e-01 -5.65117776e-01  1.05618045e-01
 -9.70362663e-01  2.90837139e-01  5.40718257e-01  4.67946410e-01 -4.94170815e-01  4.03579593e-01 -7.99258053e-01  3.78643811e-01 -4.52839732e-01  2.15003774e-01 -8.87872338e-01 -2.89191693e-01
 -4.39033508e-02  3.00773233e-01 -8.08151290e-02  2.28456989e-01  3.42729956e-01 -7.58377731e-01  3.32678914e-01  4.53773320e-01 -6.36475801e-01  3.63123208e-01 -3.03752244e-01  6.72310531e-01
 -8.07669520e-01 -6.24833107e-01 -1.61657050e-01  2.65109211e-01 -5.00943810e-02 -6.97365522e-01  1.14808209e-01  3.74087393e-02  1.96539506e-01 -2.14130744e-01 -2.31648117e-01 -6.08073026e-02
 -2.38968395e-02  1.04867600e-01 -1.81918472e-01  1.18602023e-01 -1.84130326e-01  8.99944007e-02  4.22344416e-01 -2.01731563e-01 -1.14219606e+00 -3.51360887e-01  5.07236838e-01  1.17178492e-01
  4.46353346e-01  7.30156973e-02  3.52204353e-01 -2.76193351e-01  3.28602046e-01  9.47204307e-02 -8.55555296e-01  3.19835246e-01  2.04906732e-01  4.01384294e-01  2.44997621e-01 -7.98617542e-01
 -7.11942911e-01 -1.97970137e-01 -6.44046247e-01  1.32467642e-01  4.78200376e-01  5.11638999e-01 -2.66164601e-01  4.42660689e-01 -1.63091749e-01 -3.68901491e-01  5.58767356e-02 -4.27112967e-01
 -4.33894396e-01 -3.03402692e-01  2.19618380e-01 -5.59070230e-01  4.10873353e-01 -2.78949678e-01  8.39929402e-01 -1.33825198e-01
